0000 FF 0A 62 0A 00 8F 20 41 41 41 41 41 41 41 41 41
0010 41 41 41 41 41 41 41 41 41 41 41 41 41 41 41 41
0020 41 41 41 41 41 41 41 41 41 41 41 41 41 41 41 41
0030 41 41 41 41 41 41 41 41 41 41 41 41 41 41 41 41
0040 00 4A 62 14 00 8F 20 41 41 41 41 41 41 41 41 41
0050 41 41 41 41 41 41 41 41 41 41 41 41 41 41 41 41
0060 41 41 41 41 41 41 41 41 41 41 41 41 41 41 41 41
0070 41 41 41 41 41 41 41 41 41 41 41 41 41 41 41 41
0080 00 8A 62 1E 00 8F 20 41 41 41 41 41 41 41 41 41
0090 41 41 41 41 41 41 41 41 41 41 41 41 41 41 41 41
00A0 41 41 41 41 41 41 41 41 41 41 41 41 41 41 41 41
00B0 41 41 41 41 41 41 41 41 41 41 41 41 41 41 41 41
00C0 00 CA 62 28 00 8F 20 41 41 41 41 41 41 41 41 41
00D0 41 41 41 41 41 41 41 41 41 41 41 41 41 41 41 41
00E0 41 41 41 41 41 41 41 41 41 41 41 41 41 41 41 41
00F0 41 41 41 41 41 41 41 41 41 41 41 41 41 41 41 41
0100 00 0A 63 32 00 8F 20 41 41 41 41 41 41 41 41 41
0110 41 41 41 41 41 41 41 41 41 41 41 41 41 41 41 41
0120 41 41 41 41 41 41 41 41 41 41 41 41 41 41 41 41
0130 41 41 41 41 41 41 41 41 41 41 41 41 41 41 41 41
0140 00 4A 63 3C 00 8F 20 41 41 41 41 41 41 41 41 41
0150 41 41 41 41 41 41 41 41 41 41 41 41 41 41 41 41
0160 41 41 41 41 41 41 41 41 41 41 41 41 41 41 41 41
0170 41 41 41 41 41 41 41 41 41 41 41 41 41 41 41 41
0180 00 8A 63 46 00 8F 20 41 41 41 41 41 41 41 41 41
0190 41 41 41 41 41 41 41 41 41 41 41 41 41 41 41 41
01A0 41 41 41 41 41 41 41 41 41 41 41 41 41 41 41 41
01B0 41 41 41 41 41 41 41 41 41 41 41 41 41 41 41 41
01C0 00 CA 63 50 00 8F 20 41 41 41 41 41 41 41 41 41
01D0 41 41 41 41 41 41 41 41 41 41 41 41 41 41 41 41
01E0 41 41 41 41 41 41 41 41 41 41 41 41 41 41 41 41
01F0 41 41 41 41 41 41 41 41 41 41 41 41 41 41 41 41
0200 00 0A 64 5A 00 8F 20 41 41 41 41 41 41 41 41 41
0210 41 41 41 41 41 41 41 41 41 41 41 41 41 41 41 41
0220 41 41 41 41 41 41 41 41 41 41 41 41 41 41 41 41
0230 41 41 41 41 41 41 41 41 41 41 41 41 41 41 41 41
0240 00 00 00 1A 00 8F 20 41 41 41 41 41 41 41 41 41
0250 41 41 41 41 41 41 41 41 41 41 41 41 41 41 41 41
0260 41 41 41 41 41 41 41 41 41 41 41 41 41 41 41 41
0270 41 41 41 41 41 41 41 41 41 41 41 41 41 41 41 41

