 206 
 70 
 221 
 79 
 220 
 233 
 155 
 94 
 94 
 81 
 84 
 248 
 58 
 31 
 252 
 167 
 90 
 90 
 255 
 162 
 241 
 47 
 169 
 223 
 41 
 128 
 101 
 233 
 33 
 76 
 99 
 80 
 211 
 9 
 164 
 120 
 101 
 83 
 149 
 227 
 255 
 24 
 227 
 18 
 168 
 88 
 216 
 30 
 2 
 112 
 213 
 131 
 218 
 80 
 105 
 27 
 153 
 121 
 226 
 162 
 11 
 132 
 102 
 236 
 44 
 171 
 168 
 226 
 202 
 35 
 3 
 247 
 36 
 29 
 189 
 201 
 157 
 212 
 32 
 121 
 88 
 176 
 54 
 133 
 225 
 29 
 178 
 204 
 49 
 22 
 5 
 154 
 3 
 77 
 54 
 32 
 188 
 78 
 108 
 74 
 71 
 224 
 172 
 127 
 143 
 133 
 91 
 15 
 143 
 205 
 182 
 231 
 155 
 253 
 154 
 185 
 249 
 153 
 188 
 244 
 126 
 119 
 70 
 103 
 93 
 225 
 232 
 28 
 175 
 192 
 54 
 205 
 12 
 245 
 166 
 252 
 29 
 72 
 103 
 254 
 37 
 0 
 177 
 3 

